 Results from DEAP Version 2.1
 
Instruction file = ins.txt     
Data file          = data4.txt   
 
 Input orientated Malmquist DEA
 

 DISTANCES SUMMARY


 year =     1

   firm      crs te rel to tech in yr      vrs
    no.      ************************       te
              t-1         t       t+1
 
     1     0.000     0.055     0.037     0.055
     2     0.000     0.233     0.157     0.233
     3     0.000     0.233     0.155     0.233
     4     0.000     0.209     0.107     0.209
     5     0.000     0.457     0.308     0.457
     6     0.000     0.252     0.139     0.252
     7     0.000     0.552     0.357     0.552
     8     0.000     0.379     0.341     0.379
     9     0.000     0.431     0.434     0.431
    10     0.000     0.524     0.439     0.524
    11     0.000     0.740     0.914     0.740
    12     0.000     1.000     1.346     1.000

 mean      0.000     0.422     0.394     0.422

 year =     2

   firm      crs te rel to tech in yr      vrs
    no.      ************************       te
              t-1         t       t+1
 
     1     0.090     0.053     0.030     0.053
     2     0.435     0.246     0.137     0.246
     3     0.475     0.243     0.140     0.243
     4     0.429     0.208     0.127     0.208
     5     0.676     0.372     0.207     0.372
     6     0.488     0.231     0.144     0.231
     7     1.109     0.585     0.337     0.585
     8     0.823     0.554     0.308     0.554
     9     0.877     0.590     0.369     0.590
    10     0.993     0.504     0.382     0.504
    11     1.351     0.853     0.652     0.853
    12     2.114     1.000     0.996     1.000

 mean      0.822     0.453     0.319     0.453

 year =     3

   firm      crs te rel to tech in yr      vrs
    no.      ************************       te
              t-1         t       t+1
 
     1     0.070     0.042     0.031     0.042
     2     0.324     0.189     0.122     0.189
     3     0.377     0.220     0.152     0.220
     4     0.311     0.182     0.133     0.182
     5     0.554     0.308     0.231     0.308
     6     0.375     0.221     0.162     0.221
     7     0.869     0.506     0.351     0.506
     8     0.478     0.267     0.199     0.267
     9     0.625     0.364     0.259     0.364
    10     0.737     0.413     0.341     0.413
    11     0.980     0.582     0.521     0.582
    12     1.799     1.000     1.000     1.000

 mean      0.625     0.358     0.292     0.358

 year =     4

   firm      crs te rel to tech in yr      vrs
    no.      ************************       te
              t-1         t       t+1
 
     1     0.057     0.039     0.032     0.039
     2     0.235     0.153     0.123     0.153
     3     0.303     0.196     0.162     0.196
     4     0.237     0.166     0.137     0.166
     5     0.446     0.334     0.209     0.334
     6     0.295     0.221     0.172     0.221
     7     0.668     0.450     0.362     0.450
     8     0.371     0.278     0.200     0.278
     9     0.499     0.323     0.263     0.323
    10     0.661     0.496     0.305     0.496
    11     0.887     0.665     0.503     0.665
    12     1.548     1.000     1.041     1.000

 mean      0.517     0.360     0.293     0.360

 year =     5

   firm      crs te rel to tech in yr      vrs
    no.      ************************       te
              t-1         t       t+1
 
     1     0.043     0.036     0.040     0.036
     2     0.251     0.136     0.163     0.136
     3     0.284     0.184     0.206     0.184
     4     0.243     0.149     0.165     0.149
     5     0.648     0.234     0.385     0.234
     6     0.270     0.185     0.205     0.185
     7     0.691     0.386     0.431     0.386
     8     0.603     0.241     0.358     0.241
     9     0.591     0.295     0.351     0.295
    10     0.856     0.312     0.508     0.312
    11     6.154     1.000     4.019     1.000
    12     2.667     1.000     1.900     1.000

 mean      1.108     0.347     0.728     0.347

 year =     6

   firm      crs te rel to tech in yr      vrs
    no.      ************************       te
              t-1         t       t+1
 
     1     0.042     0.046     0.055     0.046
     2     0.139     0.159     0.204     0.159
     3     0.173     0.192     0.226     0.192
     4     0.137     0.157     0.188     0.157
     5     0.211     0.332     0.397     0.332
     6     0.175     0.193     0.224     0.193
     7     0.372     0.412     0.509     0.412
     8     0.280     0.479     0.573     0.479
     9     0.323     0.589     0.704     0.589
    10     0.299     0.415     0.496     0.415
    11     0.573     0.860     1.100     0.860
    12     0.903     1.000     1.493     1.000

 mean      0.302     0.403     0.514     0.403

 year =     7

   firm      crs te rel to tech in yr      vrs
    no.      ************************       te
              t-1         t       t+1
 
     1     0.041     0.045     0.061     0.045
     2     0.141     0.164     0.224     0.164
     3     0.171     0.188     0.248     0.188
     4     0.142     0.156     0.200     0.156
     5     0.219     0.241     0.308     0.241
     6     0.163     0.180     0.241     0.180
     7     0.387     0.454     0.619     0.454
     8     0.295     0.352     0.395     0.352
     9     0.260     0.307     0.370     0.307
    10     0.345     0.412     0.462     0.412
    11     0.699     0.836     0.983     0.836
    12     0.908     1.000     1.559     1.000

 mean      0.314     0.361     0.473     0.361

 year =     8

   firm      crs te rel to tech in yr      vrs
    no.      ************************       te
              t-1         t       t+1
 
     1     0.040     0.052     0.057     0.052
     2     0.133     0.182     0.199     0.182
     3     0.168     0.224     0.245     0.224
     4     0.157     0.190     0.204     0.190
     5     0.245     0.277     0.303     0.277
     6     0.155     0.206     0.225     0.206
     7     0.388     0.529     0.579     0.529
     8     0.340     0.381     0.342     0.381
     9     0.263     0.337     0.363     0.337
    10     0.356     0.400     0.431     0.400
    11     0.727     0.815     0.840     0.815
    12     0.891     1.000     1.230     1.000

 mean      0.322     0.383     0.418     0.383

 year =     9

   firm      crs te rel to tech in yr      vrs
    no.      ************************       te
              t-1         t       t+1
 
     1     0.053     0.058     0.064     0.058
     2     0.194     0.212     0.234     0.212
     3     0.234     0.256     0.282     0.256
     4     0.195     0.210     0.237     0.210
     5     0.276     0.302     0.334     0.302
     6     0.207     0.227     0.250     0.227
     7     0.552     0.604     0.667     0.604
     8     0.303     0.326     0.368     0.326
     9     0.401     0.389     0.433     0.389
    10     0.475     0.426     0.466     0.426
    11     0.776     0.831     0.955     0.831
    12     1.114     1.000     1.254     1.000

 mean      0.398     0.403     0.462     0.403

 year =    10

   firm      crs te rel to tech in yr      vrs
    no.      ************************       te
              t-1         t       t+1
 
     1     0.063     0.069     0.087     0.069
     2     0.201     0.222     0.281     0.222
     3     0.234     0.258     0.326     0.258
     4     0.201     0.221     0.282     0.221
     5     0.299     0.329     0.417     0.329
     6     0.219     0.242     0.306     0.242
     7     0.574     0.633     0.802     0.633
     8     0.362     0.346     0.435     0.346
     9     0.387     0.427     0.541     0.427
    10     0.494     0.472     0.576     0.472
    11     0.862     0.938     1.268     0.938
    12     1.047     1.000     1.475     1.000

 mean      0.412     0.430     0.567     0.430

 year =    11

   firm      crs te rel to tech in yr      vrs
    no.      ************************       te
              t-1         t       t+1
 
     1     0.059     0.074     0.000     0.074
     2     0.161     0.204     0.000     0.204
     3     0.192     0.243     0.000     0.243
     4     0.176     0.213     0.000     0.213
     5     0.261     0.335     0.000     0.335
     6     0.191     0.240     0.000     0.240
     7     0.475     0.601     0.000     0.601
     8     0.345     0.350     0.000     0.350
     9     0.303     0.378     0.000     0.378
    10     0.498     0.460     0.000     0.460
    11     0.790     1.000     0.000     1.000
    12     1.152     1.000     0.000     1.000

 mean      0.383     0.425     0.000     0.425
 
 [Note that t-1 in year 1 and t+1 in the final year are not defined]


 MALMQUIST INDEX SUMMARY

 year =     2

   firm   effch  techch    pech    sech   tfpch
 
     1   0.979   1.580   0.979   1.000   1.547
     2   1.053   1.622   1.053   1.000   1.709
     3   1.045   1.715   1.045   1.000   1.792
     4   0.996   2.002   0.996   1.000   1.994
     5   0.814   1.642   0.814   1.000   1.337
     6   0.916   1.956   0.916   1.000   1.792
     7   1.060   1.713   1.060   1.000   1.815
     8   1.461   1.286   1.461   1.000   1.879
     9   1.369   1.215   1.369   1.000   1.664
    10   0.963   1.533   0.963   1.000   1.476
    11   1.152   1.133   1.152   1.000   1.305
    12   1.000   1.253   1.000   1.000   1.253

 mean    1.054   1.530   1.054   1.000   1.613

 year =     3

   firm   effch  techch    pech    sech   tfpch
 
     1   0.785   1.730   0.785   1.000   1.358
     2   0.769   1.757   0.769   1.000   1.351
     3   0.903   1.728   0.903   1.000   1.560
     4   0.874   1.673   0.874   1.000   1.461
     5   0.828   1.799   0.828   1.000   1.489
     6   0.956   1.651   0.956   1.000   1.579
     7   0.866   1.726   0.866   1.000   1.495
     8   0.482   1.795   0.482   1.000   0.864
     9   0.617   1.656   0.617   1.000   1.022
    10   0.819   1.535   0.819   1.000   1.258
    11   0.682   1.485   0.682   1.000   1.013
    12   1.000   1.344   1.000   1.000   1.344

 mean    0.784   1.651   0.784   1.000   1.295

 year =     4

   firm   effch  techch    pech    sech   tfpch
 
     1   0.917   1.417   0.917   1.000   1.300
     2   0.808   1.544   0.808   1.000   1.248
     3   0.892   1.494   0.892   1.000   1.332
     4   0.914   1.398   0.914   1.000   1.277
     5   1.085   1.333   1.085   1.000   1.446
     6   1.004   1.349   1.004   1.000   1.354
     7   0.888   1.463   0.888   1.000   1.300
     8   1.043   1.337   1.043   1.000   1.394
     9   0.885   1.475   0.885   1.000   1.306
    10   1.201   1.270   1.201   1.000   1.526
    11   1.143   1.220   1.143   1.000   1.395
    12   1.000   1.244   1.000   1.000   1.244

 mean    0.975   1.375   0.975   1.000   1.341

 year =     5

   firm   effch  techch    pech    sech   tfpch
 
     1   0.938   1.201   0.938   1.000   1.127
     2   0.891   1.515   0.891   1.000   1.349
     3   0.942   1.366   0.942   1.000   1.286
     4   0.900   1.403   0.900   1.000   1.262
     5   0.701   2.101   0.701   1.000   1.473
     6   0.835   1.370   0.835   1.000   1.144
     7   0.859   1.491   0.859   1.000   1.280
     8   0.867   1.865   0.867   1.000   1.617
     9   0.915   1.567   0.915   1.000   1.434
    10   0.629   2.112   0.629   1.000   1.327
    11   1.504   2.852   1.504   1.000   4.288
    12   1.000   1.601   1.000   1.000   1.601

 mean    0.896   1.655   0.896   1.000   1.482

 year =     6

   firm   effch  techch    pech    sech   tfpch
 
     1   1.283   0.903   1.283   1.000   1.159
     2   1.171   0.853   1.171   1.000   1.000
     3   1.040   0.898   1.040   1.000   0.934
     4   1.053   0.888   1.053   1.000   0.935
     5   1.417   0.623   1.417   1.000   0.882
     6   1.045   0.903   1.045   1.000   0.944
     7   1.066   0.899   1.066   1.000   0.958
     8   1.984   0.628   1.984   1.000   1.246
     9   1.997   0.679   1.997   1.000   1.356
    10   1.329   0.666   1.329   1.000   0.885
    11   0.860   0.407   0.860   1.000   0.350
    12   1.000   0.690   1.000   1.000   0.690

 mean    1.228   0.735   1.228   1.000   0.903

 year =     7

   firm   effch  techch    pech    sech   tfpch
 
     1   0.978   0.872   0.978   1.000   0.852
     2   1.030   0.820   1.030   1.000   0.845
     3   0.979   0.877   0.979   1.000   0.859
     4   0.994   0.872   0.994   1.000   0.867
     5   0.726   0.871   0.726   1.000   0.632
     6   0.929   0.886   0.929   1.000   0.823
     7   1.102   0.830   1.102   1.000   0.915
     8   0.736   0.836   0.736   1.000   0.615
     9   0.520   0.843   0.520   1.000   0.439
    10   0.993   0.836   0.993   1.000   0.831
    11   0.972   0.809   0.972   1.000   0.786
    12   1.000   0.780   1.000   1.000   0.780

 mean    0.897   0.844   0.897   1.000   0.756

 year =     8

   firm   effch  techch    pech    sech   tfpch
 
     1   1.149   0.752   1.149   1.000   0.864
     2   1.107   0.733   1.107   1.000   0.812
     3   1.194   0.754   1.194   1.000   0.900
     4   1.214   0.805   1.214   1.000   0.977
     5   1.149   0.832   1.149   1.000   0.956
     6   1.147   0.750   1.147   1.000   0.860
     7   1.167   0.733   1.167   1.000   0.855
     8   1.081   0.891   1.081   1.000   0.964
     9   1.098   0.805   1.098   1.000   0.884
    10   0.971   0.891   0.971   1.000   0.865
    11   0.975   0.871   0.975   1.000   0.849
    12   1.000   0.756   1.000   1.000   0.756

 mean    1.101   0.796   1.101   1.000   0.876

 year =     9

   firm   effch  techch    pech    sech   tfpch
 
     1   1.116   0.914   1.116   1.000   1.020
     2   1.169   0.914   1.169   1.000   1.069
     3   1.140   0.914   1.140   1.000   1.042
     4   1.109   0.927   1.109   1.000   1.029
     5   1.091   0.914   1.091   1.000   0.997
     6   1.101   0.914   1.101   1.000   1.007
     7   1.141   0.914   1.141   1.000   1.043
     8   0.856   1.017   0.856   1.000   0.870
     9   1.154   0.979   1.154   1.000   1.130
    10   1.066   1.017   1.066   1.000   1.084
    11   1.019   0.952   1.019   1.000   0.970
    12   1.000   0.951   1.000   1.000   0.951

 mean    1.077   0.943   1.077   1.000   1.016

 year =    10

   firm   effch  techch    pech    sech   tfpch
 
     1   1.187   0.906   1.187   1.000   1.076
     2   1.046   0.906   1.046   1.000   0.948
     3   1.008   0.906   1.008   1.000   0.914
     4   1.052   0.897   1.052   1.000   0.944
     5   1.091   0.905   1.091   1.000   0.988
     6   1.066   0.906   1.066   1.000   0.966
     7   1.048   0.906   1.048   1.000   0.950
     8   1.060   0.963   1.060   1.000   1.021
     9   1.099   0.901   1.099   1.000   0.991
    10   1.108   0.979   1.108   1.000   1.084
    11   1.129   0.894   1.129   1.000   1.010
    12   1.000   0.914   1.000   1.000   0.914

 mean    1.073   0.915   1.073   1.000   0.982

 year =    11

   firm   effch  techch    pech    sech   tfpch
 
     1   1.076   0.790   1.076   1.000   0.850
     2   0.917   0.790   0.917   1.000   0.724
     3   0.942   0.789   0.942   1.000   0.744
     4   0.963   0.804   0.963   1.000   0.775
     5   1.016   0.784   1.016   1.000   0.797
     6   0.992   0.792   0.992   1.000   0.786
     7   0.949   0.790   0.949   1.000   0.750
     8   1.012   0.884   1.012   1.000   0.895
     9   0.885   0.796   0.885   1.000   0.704
    10   0.975   0.942   0.975   1.000   0.918
    11   1.066   0.764   1.066   1.000   0.815
    12   1.000   0.884   1.000   1.000   0.884

 mean    0.981   0.816   0.981   1.000   0.801


 MALMQUIST INDEX SUMMARY OF ANNUAL MEANS

   year   effch  techch    pech    sech   tfpch
 
     2   1.054   1.530   1.054   1.000   1.613
     3   0.784   1.651   0.784   1.000   1.295
     4   0.975   1.375   0.975   1.000   1.341
     5   0.896   1.655   0.896   1.000   1.482
     6   1.228   0.735   1.228   1.000   0.903
     7   0.897   0.844   0.897   1.000   0.756
     8   1.101   0.796   1.101   1.000   0.876
     9   1.077   0.943   1.077   1.000   1.016
    10   1.073   0.915   1.073   1.000   0.982
    11   0.981   0.816   0.981   1.000   0.801

 mean    0.999   1.072   0.999   1.000   1.071


 MALMQUIST INDEX SUMMARY OF FIRM MEANS

   firm   effch  techch    pech    sech   tfpch
 
     1   1.031   1.061   1.031   1.000   1.094
     2   0.987   1.084   0.987   1.000   1.069
     3   1.004   1.089   1.004   1.000   1.094
     4   1.002   1.106   1.002   1.000   1.108
     5   0.969   1.093   0.969   1.000   1.059
     6   0.995   1.089   0.995   1.000   1.084
     7   1.009   1.087   1.009   1.000   1.097
     8   0.992   1.088   0.992   1.000   1.080
     9   0.987   1.042   0.987   1.000   1.028
    10   0.987   1.114   0.987   1.000   1.100
    11   1.031   1.009   1.031   1.000   1.040
    12   1.000   1.005   1.000   1.000   1.005

 mean    0.999   1.072   0.999   1.000   1.071
 
 [Note that all Malmquist index averages are geometric means]
